110.0 0.8901179

102.0 0.9075712

100.0 0.9250245

109.0 0.9075712

-227.0 2.2340214

99.0 0.94247776

111.0 0.87266463

-262.0 2.4085543

113.0 0.8552113

-220.0 2.2165682

103.0 0.8901179

-240.0 2.268928

101.0 0.9075712

-246.0 2.2863812

112.0 0.8552113

89.0 0.9599311

90.0 0.94247776

98.0 0.94247776

97.0 0.9599311

87.0 0.99483764

86.0 1.012291

-281.0 2.4609141

-257.0 2.3038347

-286.0 2.4783676

-274.0 2.3561945

-268.0 2.338741

-276.0 2.443461

-263.0 2.3212879

-251.0 2.2863812

-247.0 2.268928

-253.0 2.2863812

